[1] "Iteration 1"

[1] "Centres des classes"
      [,1]     [,2]     [,3]      [,4]
1 5.175758 3.624242 1.472727 0.2727273
2 4.738095 2.904762 1.790476 0.3523810
3 6.314583 2.895833 4.973958 1.7031250

[1] "Taux d'erreur: 0.333333333333333"
[1] "--------------------------------"


[1] "Iteration 2"

[1] "Centres des classes"
      [,1]     [,2]     [,3]     [,4]
1 5.901613 2.748387 4.393548 1.433871
2 5.006000 3.428000 1.462000 0.246000
3 6.850000 3.073684 5.742105 2.071053

[1] "Taux d'erreur: 0.106666666666667"
[1] "--------------------------------"


[1] "Iteration 3"

[1] "Centres des classes"
      [,1]     [,2]     [,3]     [,4]
1 5.006000 3.428000 1.462000 0.246000
2 5.901613 2.748387 4.393548 1.433871
3 6.850000 3.073684 5.742105 2.071053

[1] "Taux d'erreur: 0.106666666666667"
[1] "--------------------------------"


[1] "Iteration 4"

[1] "Centres des classes"
      [,1]     [,2]     [,3]      [,4]
1 4.738095 2.904762 1.790476 0.3523810
2 6.314583 2.895833 4.973958 1.7031250
3 5.175758 3.624242 1.472727 0.2727273

[1] "Taux d'erreur: 0.333333333333333"
[1] "--------------------------------"


[1] "Iteration 5"

[1] "Centres des classes"
      [,1]     [,2]     [,3]     [,4]
1 6.850000 3.073684 5.742105 2.071053
2 5.901613 2.748387 4.393548 1.433871
3 5.006000 3.428000 1.462000 0.246000

[1] "Taux d'erreur: 0.106666666666667"
[1] "--------------------------------"
